[gd_scene load_steps=4 format=2]

[ext_resource path="res://3d_preview_env.tres" type="Environment" id=1]
[ext_resource path="res://src/Nodes/VertexShadedMeshSpatial.cs" type="Script" id=2]
[ext_resource path="res://src/Nodes/VertexShadedMesh.tres" type="PlaneMesh" id=3]

[node name="VertexShadedMeshSpatial" type="Spatial"]
unique_name_in_owner = true
script = ExtResource( 2 )

[node name="WorldEnvironment" type="WorldEnvironment" parent="."]
environment = ExtResource( 1 )

[node name="DirectionalLight" type="DirectionalLight" parent="."]
transform = Transform( 0.909217, 0.00659759, -0.41627, -0.0125288, 0.999855, -0.0115185, 0.416133, 0.0156882, 0.909168, 0, 15.6531, 3.65183 )
light_energy = 0.8
shadow_enabled = true
shadow_color = Color( 0.64, 0.64, 0.64, 1 )
shadow_bias = 0.02
directional_shadow_split_1 = 0.081
directional_shadow_split_2 = 0.162
directional_shadow_split_3 = 0.324
directional_shadow_normal_bias = 0.162
directional_shadow_bias_split_scale = 0.162
directional_shadow_depth_range = 1
directional_shadow_max_distance = 50.0
__meta__ = {
"_editor_description_": ""
}

[node name="Camera" type="Camera" parent="."]
unique_name_in_owner = true
transform = Transform( 1, 0, 0, 0, 0.973431, 0.22898, 0, -0.22898, 0.973431, 0, 2.30667, 10 )
fov = 90.0

[node name="MeshGimbal" type="Spatial" parent="."]
unique_name_in_owner = true

[node name="MeshInstance" type="MeshInstance" parent="MeshGimbal"]
unique_name_in_owner = true
transform = Transform( 1, 0, 0, 0, 0.258819, -0.965926, 0, 0.965926, 0.258819, 0, 0, 0 )
mesh = ExtResource( 3 )
skeleton = NodePath("../..")

[node name="MarginContainer" type="MarginContainer" parent="."]
anchor_right = 1.0
anchor_bottom = 1.0
mouse_filter = 2
custom_constants/margin_right = 32
custom_constants/margin_top = 32
custom_constants/margin_left = 32
custom_constants/margin_bottom = 32

[node name="VBoxContainer" type="VBoxContainer" parent="MarginContainer"]
margin_left = 32.0
margin_top = 32.0
margin_right = 992.0
margin_bottom = 568.0
mouse_filter = 2
alignment = 2

[node name="HBoxContainer" type="HBoxContainer" parent="MarginContainer/VBoxContainer"]
margin_top = 512.0
margin_right = 960.0
margin_bottom = 536.0
mouse_filter = 2

[node name="Label" type="Label" parent="MarginContainer/VBoxContainer/HBoxContainer"]
margin_top = 5.0
margin_right = 39.0
margin_bottom = 19.0
text = "Depth"

[node name="DepthSlider" type="HSlider" parent="MarginContainer/VBoxContainer/HBoxContainer"]
unique_name_in_owner = true
margin_left = 43.0
margin_top = 4.0
margin_right = 193.0
margin_bottom = 20.0
rect_min_size = Vector2( 150, 0 )
size_flags_vertical = 4
min_value = -10.0
max_value = 10.0
step = 0.01
value = 1.0
tick_count = 10

[node name="DepthEdit" type="LineEdit" parent="MarginContainer/VBoxContainer/HBoxContainer"]
unique_name_in_owner = true
margin_left = 197.0
margin_right = 255.0
margin_bottom = 24.0
mouse_filter = 1
text = "0.001"

[node name="VSeparator3" type="VSeparator" parent="MarginContainer/VBoxContainer/HBoxContainer"]
margin_left = 259.0
margin_right = 263.0
margin_bottom = 24.0
mouse_filter = 1
