[gd_scene load_steps=5 format=3 uid="uid://b4fkqmf1mwpyo"]

[ext_resource type="Environment" uid="uid://sormkyyoaxke" path="res://3d_preview_env.tres" id="1"]
[ext_resource type="Script" path="res://src/Nodes/VertexShadedMeshSpatial.cs" id="2"]
[ext_resource type="PlaneMesh" uid="uid://bnaaqknvt4pv6" path="res://src/Nodes/VertexShadedMesh.tres" id="3"]

[sub_resource type="CameraAttributesPractical" id="CameraAttributesPractical_7xd37"]
dof_blur_far_enabled = true
dof_blur_far_distance = 12.0
dof_blur_far_transition = 8.0
dof_blur_near_enabled = true
dof_blur_near_distance = 3.0
dof_blur_near_transition = 2.0

[node name="VertexShadedMeshSpatial" type="Node3D" node_paths=PackedStringArray("MeshInstance", "MeshGimbal")]
unique_name_in_owner = true
script = ExtResource("2")
MeshInstance = NodePath("MeshGimbal/MeshInstance3D")
MeshGimbal = NodePath("MeshGimbal")

[node name="WorldEnvironment" type="WorldEnvironment" parent="."]
environment = ExtResource("1")

[node name="DirectionalLight3D" type="DirectionalLight3D" parent="."]
transform = Transform3D(-0.133771, 0.887764, -0.440433, -0.662455, 0.250436, 0.706, 0.737061, 0.386209, 0.554603, 3.22951, 4.29826, 0.327729)
light_energy = 0.8
shadow_enabled = true
shadow_opacity = 0.2
directional_shadow_blend_splits = true

[node name="Camera3D" type="Camera3D" parent="."]
unique_name_in_owner = true
transform = Transform3D(1, 0, 0, 0, 0.973431, 0.22898, 0, -0.22898, 0.973431, 0, 2.30667, 10)
attributes = SubResource("CameraAttributesPractical_7xd37")
fov = 60.0
near = 0.01
far = 100.0

[node name="MeshGimbal" type="Node3D" parent="."]
unique_name_in_owner = true

[node name="MeshInstance3D" type="MeshInstance3D" parent="MeshGimbal"]
unique_name_in_owner = true
transform = Transform3D(1, 0, 0, 0, 0.258819, -0.965926, 0, 0.965926, 0.258819, 0, 0, 0)
mesh = ExtResource("3")
skeleton = NodePath("../..")
