[gd_scene load_steps=4 format=2]

[ext_resource path="res://3d_preview_env.tres" type="Environment" id=1]
[ext_resource path="res://src/Nodes/VertexShadedMeshSpatial.cs" type="Script" id=2]
[ext_resource path="res://src/Nodes/VertexShadedMesh.tres" type="PlaneMesh" id=3]

[node name="VertexShadedMeshSpatial" type="Spatial"]
unique_name_in_owner = true
script = ExtResource( 2 )

[node name="WorldEnvironment" type="WorldEnvironment" parent="."]
environment = ExtResource( 1 )

[node name="DirectionalLight" type="DirectionalLight" parent="."]
transform = Transform( 0.929953, 0.00443901, -0.367653, -0.0342444, 0.996626, -0.0745856, 0.366081, 0.0819511, 0.926967, 0, 15.6531, 27.4823 )
light_energy = 0.8
shadow_enabled = true
shadow_color = Color( 0.72, 0.72, 0.72, 1 )
shadow_bias = 0.08
directional_shadow_mode = 0
directional_shadow_split_1 = 0.081
directional_shadow_split_2 = 0.162
directional_shadow_split_3 = 0.324
directional_shadow_normal_bias = 0.2
directional_shadow_depth_range = 1
directional_shadow_max_distance = 50.0
__meta__ = {
"_editor_description_": ""
}

[node name="Camera" type="Camera" parent="."]
unique_name_in_owner = true
transform = Transform( 1, 0, 0, 0, 0.973431, 0.22898, 0, -0.22898, 0.973431, 0, 2.30667, 10 )
fov = 90.0

[node name="MeshGimbal" type="Spatial" parent="."]
unique_name_in_owner = true

[node name="MeshInstance" type="MeshInstance" parent="MeshGimbal"]
unique_name_in_owner = true
transform = Transform( 1, 0, 0, 0, 0.258819, -0.965926, 0, 0.965926, 0.258819, 0, 0, 0 )
mesh = ExtResource( 3 )
skeleton = NodePath("../..")
